[3887192-fertilizer-to-pour-in-hands.jpg]
moddate=4ecef85a85e6cd01
width=400
height=297
text=1;154;23;loading please wait....;Brush Script MT;0.274320,0.818878,0.121690,0.000000;v1,4292010620,4292435025,128.000000,1.000000,0.500000,1.000000,400,2,49152;;
textactive=1
